WCSNAME = 'DRZWCS'
RADESYS = 'FK5'
LATPOLE = -5.3718680206392
LONPOLE = 180
CTYPE1 = 'RA---TAN'
CUNIT1 = 'deg'
CRPIX1 = 6103.4762
CRVAL1 = 83.8156483
CDELT1 = 1
CTYPE2 = 'DEC--TAN'
CUNIT2 = 'deg'
CRPIX2 = 2282.112
CRVAL2 = -5.3939944
CDELT2 = 1
CD1_1 = -1.3888888888888E-05
CD1_2 = 0
CD2_1 = 0
CD2_2 = 1.38888888888896E-05
RADESYSO = 'FK5'
EQUINOXO = 2000

