CTYPE1 = 'RA---TAN'
CRPIX1 = 3.5
CRVAL1 = 83.846150111
CTYPE2 = 'DEC---TAN'
CRPIX2 = 1
CRVAL2 = -5.436167567
CTYPE3 = 'VELO'
CRPIX3 = 31
CRVAL3 = 18
CD1_1 = -0.000148333
CD1_2 = 0
CD2_1 = 0
CD2_2 = 0.000148333
CD3_3 = 4

