WCSNAME = 'DRZWCS'
WCSAXES = '2'
RADESYS = 'FK5'
EQUINOX = 2000
LATPOLE = -5.39710251907
LONPOLE = 180
CTYPE1 = 'RA---TAN'
CUNIT1 = 'deg'
CRPIX1 = 2181.6201
CRVAL1 = 83.8156483
CDELT1 = 1
CTYPE2 = 'DEC--TAN'
CUNIT2 = 'deg'
CRPIX2 = 1775.8942
CRVAL2 = -5.3939944
CDELT2 = 1
CD1_1 = 9.05262119221252E-06
CD1_2 = 8.83546953193136E-06
CD2_1 = 8.83546953193136E-06
CD2_2 = -9.0526211922125E-06

