WCSNAME = 'DRZWCS'
RADESYS = 'ICRS'
LATPOLE = -5.405
LONPOLE = 180
CTYPE1 = 'RA---TAN'
CUNIT1 = 'deg'
CRPIX1 = 671.534
CRVAL1 = 83.815002
CDELT1 = 1
CTYPE2 = 'DEC--TAN'
CUNIT2 = 'deg'
CRPIX2 = -37.987
CRVAL2 = -5.405
CDELT2 = 1
CD1_1 = -1.3888888888888E-05
PC1_1 = -1.3887380135763E-05
CD1_2 = 2.43562429490378E-35
CD2_1 = 0
CD2_2 = 1.38888888888896E-05
PC2_2 = 1.3887380135763E-05
RADESYSO = 'FK5'
EQUINOXO = 2000

