WCSNAME = 'DRZWCS'
CTYPE1 = 'RA---TAN'
CRPIX1 = 2097.5236
CRVAL1 = 83.8318922
CTYPE2 = 'DEC--TAN'
CRPIX2 = 1657.0835
CRVAL2 = -5.4073797
CD1_1 = -9.5893901053513E-07
CD1_2 = -1.0962987348282E-05
CD2_1 = -1.0962987383673E-05
CD2_2 = 9.58939083791464E-07

