DATE-OBS = '10/11/94'
EQUINOX = 2000
CTYPE1 = 'RA---TAN'
CRPIX1 = 354.7
CRVAL1 = 83.8433516
CTYPE2 = 'DEC--TAN'
CRPIX2 = 439.9
CRVAL2 = -5.4192935
CD1_1 = -1.255243E-05
CD1_2 = -2.803098E-07
CD2_1 = -2.803098E-07
CD2_2 = 1.255243E-05

