WCSAXES = '2'
RADESYS = 'ICRS'
LATPOLE = -5.405
LONPOLE = 180
CTYPE1 = 'RA---TAN'
CUNIT1 = 'deg'
CRPIX1 = 2703.5
CRVAL1 = 83.815002
CDELT1 = 1
CTYPE2 = 'DEC--TAN'
CUNIT2 = 'deg'
CRPIX2 = 1860.7
CRVAL2 = -5.405
CDELT2 = 1
PC1_1 = -1.3887872288338E-05
PC2_2 = 1.3887872288338E-05

