WCSAXES = '2'
RADESYS = 'ICRS'
CTYPE1 = 'RA---TAN'
CRPIX1 = 3087.4
CRVAL1 = 83.8433516
CDELT1 = 1
CTYPE2 = 'DEC--TAN'
CRPIX2 = 529.4
CRVAL2 = -5.4192935
CDELT2 = 1
PC1_1 = -9.5897994838369E-07
PC1_2 = -1.0963455322468E-05
PC2_1 = -1.0963455357404E-05
PC2_2 = 9.58980017874661E-07

